3 1
7 2
13 3
21 4
30 5
43 6
57 7
73 8
91 9
110 10
133 11
157 12
182 13
211 14
240 15
273 16
307 17
343 18
381 19
420 20
462 21
506 22
552 23
601 24
650 25
702 26
757 27
812 28
870 29
930 30
992 31
1057 32
1123 33
1191 34
1261 35
1333 36
1407 37
1483 38
1560 39
1640 40
1723 41
1806 42
1893 43
1980 44
2071 45
2162 46
2257 47
2353 48
2451 49
2550 50
2653 51
2756 52
2863 53
2971 54
3080 55
3192 56
3307 57
3422 58
3540 59
3660 60
3782 61
3906 62
4032 63
4161 64
4290 65
4423 66
4556 67
4693 68
4830 69
4971 70
5113 71
5257 72
5402 73
5551 74
5700 75
5853 76
6007 77
6162 78
6321 79
6480 80
6643 81
6807 82
6972 83
7140 84
7311 85
7483 86
7656 87
7832 88
8010 89
8190 90
8373 91
8556 92
8743 93
8931 94
9121 95
9313 96
9506 97
9703 98
9901 99
10100 100
10303 101
10507 102
10713 103
10920 104
11130 105
11343 106
11557 107
11773 108
11990 109
12210 110
12433 111
12656 112
12882 113
13111 114
13341 115
13572 116
13806 117
14042 118
14281 119
14520 120
14762 121
15006 122
15253 123
15500 124
15750 125
16002 126
16256 127
16513 128
16771 129
17030 130
17293 131
17557 132
17822 133
18090 134
18361 135
18633 136
18907 137
19182 138
19461 139
19741 140
20023 141
20307 142
20592 143
20881 144
21170 145
21462 146
21757 147
22053 148
22350 149
22650 150
22953 151
23257 152
23563 153
23871 154
24180 155
24492 156
24807 157
25123 158
25441 159
25760 160
26083 161
26407 162
26732 163
27061 164
27390 165
27722 166
28056 167
28392 168
28730 169
29071 170
29413 171
29757 172
30103 173
30450 174
30801 175
31152 176
31506 177
31862 178
32220 179
32580 180
32943 181
33307 182
33672 183
34040 184
34410 185
34783 186
35157 187
35533 188
35910 189
36291 190
36672 191
37057 192
37442 193
37830 194
38220 195
38613 196
39007 197
39403 198
39801 199
40200 200
40602 201
41007 202
41413 203
41821 204
42231 205
42643 206
43056 207
43472 208
43891 209
44310 210
44732 211
45157 212
45583 213
46011 214
46440 215
46873 216
47306 217
47742 218
48180 219
48620 220
49063 221
49507 222
49952 223
50400 224
50850 225
51302 226
51756 227
52213 228
52670 229
53131 230
53592 231
54056 232
54523 233
54990 234
55461 235
55932 236
56407 237
56883 238
57360 239
57840 240
58322 241
58806 242
59293 243
59780 244
60271 245
60763 246
61256 247
61752 248
62250 249
62750 250
63252 251
63756 252
64263 253
64770 254
65281 255
65793 256
66306 257
66823 258
67340 259
67860 260
68383 261
68906 262
69433 263
69961 264
70491 265
71023 266
71556 267
72092 268
72630 269
73171 270
73712 271
74257 272
74803 273
75351 274
75901 275
76452 276
77007 277
77563 278
78121 279
78681 280
79243 281
79807 282
80373 283
80941 284
81511 285
82082 286
82656 287
83233 288
83811 289
84390 290
84972 291
85557 292
86143 293
86730 294
87320 295
87913 296
88506 297
89102 298
89701 299
90300 300
90902 301
91507 302
92113 303
92720 304
93331 305
93943 306
94556 307
95173 308
95790 309
96411 310
97033 311
97656 312
98283 313
98911 314
99541 315
100172 316
100806 317
101442 318
102080 319
102721 320
103363 321
104006 322
104652 323
105301 324
105951 325
106602 326
107256 327
107913 328
108570 329
109230 330
109893 331
110557 332
111223 333
111890 334
112561 335
113232 336
113906 337
114582 338
115260 339
115940 340
116623 341
117306 342
117993 343
118681 344
119371 345
120063 346
120756 347
121453 348
122151 349
122850 350
123552 351
124257 352
124962 353
125671 354
126380 355
127092 356
127807 357
128522 358
129240 359
129961 360
130683 361
131406 362
132132 363
132861 364
133590 365
134322 366
135057 367
135792 368
136531 369
137271 370
138013 371
138757 372
139503 373
140250 374
141001 375
141753 376
142506 377
143262 378
144021 379
144781 380
145542 381
146307 382
147073 383
147841 384
148610 385
149382 386
150157 387
150932 388
151710 389
152490 390
153272 391
154056 392
154842 393
155630 394
156421 395
157213 396
158007 397
158802 398
159601 399
160400 400
161202 401
162006 402
162813 403
163621 404
164430 405
165243 406
166057 407
166873 408
167691 409
168510 410
169333 411
170156 412
170983 413
171810 414
172640 415
173472 416
174307 417
175143 418
175981 419
176821 420
177662 421
178506 422
179353 423
180200 424
181051 425
181903 426
182756 427
183613 428
184470 429
185330 430
186192 431
187057 432
187923 433
188790 434
189660 435
190532 436
191407 437
192283 438
193161 439
194040 440
194922 441
195806 442
196693 443
197581 444
198471 445
199362 446
200256 447
201152 448
202051 449
202950 450
203852 451
204756 452
205663 453
206571 454
207480 455
208392 456
209306 457
210223 458
211141 459
212061 460
212982 461
213907 462
214832 463
215761 464
216690 465
217622 466
218557 467
219492 468
220430 469
221370 470
222313 471
223257 472
224202 473
225150 474
226101 475
227053 476
228006 477
228962 478
229921 479
230881 480
231842 481
232807 482
233772 483
234740 484
235711 485
236683 486
237657 487
238632 488
239610 489
240591 490
241573 491
242557 492
243542 493
244530 494
245520 495
246512 496
247506 497
248503 498
249501 499
250501 500
251502 501
252507 502
253512 503
254520 504
255530 505
256543 506
257556 507
258572 508
259591 509
260610 510
261633 511
262657 512
263682 513
264710 514
265741 515
266773 516
267806 517
268842 518
269881 519
270920 520
271962 521
273007 522
274052 523
275100 524
276150 525
277203 526
278257 527
279313 528
280370 529
281431 530
282493 531
283557 532
284622 533
285690 534
286760 535
287832 536
288906 537
289982 538
291061 539
292141 540
293222 541
294306 542
295392 543
296481 544
297571 545
298663 546
299756 547
300853 548
301950 549
303051 550
304152 551
305256 552
306363 553
307471 554
308581 555
309693 556
310806 557
311923 558
313041 559
314161 560
315282 561
316407 562
317532 563
318661 564
319791 565
320923 566
322056 567
323193 568
324331 569
325471 570
326613 571
327756 572
328903 573
330050 574
331200 575
332353 576
333507 577
334663 578
335820 579
336980 580
338143 581
339306 582
340473 583
341641 584
342810 585
343983 586
345157 587
346332 588
347511 589
348690 590
349872 591
351057 592
352243 593
353430 594
354620 595
355812 596
357006 597
358203 598
359401 599
360600 600
361803 601
363006 602
364212 603
365421 604
366631 605
367843 606
369056 607
370272 608
371491 609
372711 610
373932 611
375157 612
376382 613
377610 614
378840 615
380073 616
381306 617
382542 618
383781 619
385021 620
386262 621
387507 622
388752 623
390000 624
391250 625
392503 626
393757 627
395013 628
396271 629
397531 630
398792 631
400056 632
401322 633
402590 634
403861 635
405132 636
406407 637
407682 638
408961 639
410241 640
411523 641
412807 642
414093 643
415380 644
416670 645
417962 646
419256 647
420553 648
421850 649
423151 650
424452 651
425756 652
427063 653
428370 654
429681 655
430993 656
432307 657
433622 658
434941 659
436260 660
437582 661
438907 662
440232 663
441561 664
442890 665
444223 666
445557 667
446892 668
448230 669
449571 670
450913 671
452256 672
453602 673
454950 674
456300 675
457652 676
459006 677
460362 678
461720 679
463080 680
464443 681
465807 682
467172 683
468540 684
469910 685
471283 686
472657 687
474033 688
475410 689
476791 690
478173 691
479557 692
480943 693
482330 694
483720 695
485113 696
486507 697
487903 698
489300 699
490700 700
492103 701
493506 702
494912 703
496321 704
497730 705
499142 706
500556 707
501973 708
503391 709
504810 710
506232 711
507656 712
509082 713
510511 714
511941 715
513372 716
514806 717
516242 718
517681 719
519121 720
520563 721
522007 722
523453 723
524900 724
526351 725
527802 726
529256 727
530713 728
532171 729
533630 730
535093 731
536556 732
538023 733
539491 734
540961 735
542432 736
543907 737
545383 738
546861 739
548341 740
549823 741
551307 742
552793 743
554281 744
555771 745
557263 746
558756 747
560252 748
561750 749
563251 750
564753 751
566257 752
567763 753
569270 754
570780 755
572292 756
573806 757
575323 758
576841 759
578361 760
579882 761
581406 762
582932 763
584461 764
585990 765
587523 766
589056 767
590593 768
592131 769
593670 770
595212 771
596756 772
598302 773
599851 774
601400 775
602952 776
604506 777
606062 778
607620 779
609180 780
610742 781
612306 782
613873 783
615440 784
617010 785
618582 786
620157 787
621732 788
623311 789
624891 790
626472 791
628057 792
629643 793
631231 794
632821 795
634412 796
636007 797
637603 798
639201 799
640800 800
642403 801
644006 802
645612 803
647220 804
648831 805
650443 806
652056 807
653673 808
655291 809
656910 810
658533 811
660157 812
661782 813
663411 814
665041 815
666673 816
668306 817
669943 818
671581 819
673220 820
674863 821
676507 822
678152 823
679800 824
681451 825
683103 826
684756 827
686412 828
688070 829
689730 830
691393 831
693056 832
694722 833
696391 834
698061 835
699733 836
701407 837
703083 838
704760 839
706441 840
708122 841
709806 842
711493 843
713180 844
714871 845
716563 846
718256 847
719952 848
721651 849
723351 850
725052 851
726757 852
728463 853
730170 854
731881 855
733593 856
735307 857
737022 858
738741 859
740460 860
742182 861
743906 862
745632 863
747361 864
749090 865
750823 866
752557 867
754292 868
756031 869
757770 870
759513 871
761256 872
763002 873
764751 874
766501 875
768253 876
770007 877
771763 878
773521 879
775280 880
777042 881
778806 882
780572 883
782340 884
784110 885
785883 886
787656 887
789433 888
791210 889
792991 890
794772 891
796556 892
798342 893
800130 894
801921 895
803712 896
805507 897
807303 898
809101 899
810900 900
812702 901
814506 902
816312 903
818120 904
819931 905
821743 906
823557 907
825373 908
827191 909
829010 910
830832 911
832656 912
834482 913
836310 914
838141 915
839973 916
841806 917
843643 918
845481 919
847321 920
849162 921
851006 922
852852 923
854701 924
856550 925
858402 926
860256 927
862113 928
863970 929
865830 930
867693 931
869556 932
871423 933
873291 934
875161 935
877032 936
878907 937
880782 938
882661 939
884540 940
886422 941
888307 942
890192 943
892081 944
893971 945
895862 946
897756 947
899652 948
901550 949
903451 950
905352 951
907257 952
909162 953
911070 954
912980 955
914892 956
916806 957
918723 958
920640 959
922561 960
924482 961
926406 962
928333 963
930261 964
932191 965
934122 966
936056 967
937992 968
939930 969
941871 970
943813 971
945757 972
947703 973
949651 974
951601 975
953552 976
955507 977
957462 978
959421 979
961381 980
963342 981
965307 982
967272 983
969241 984
971211 985
973182 986
975157 987
977132 988
979110 989
981090 990
983072 991
985056 992
987043 993
989030 994
991021 995
993013 996
995006 997
997003 998
999001 999
1001001 1000
