327 91 883 826 
691 505 455 907 
607 829 795 46 
867 87 639 784 
5 976 59 103 
177 876 469 194 
112 387 386 206 
119 480 424 198 
770 334 931 947 
56 471 63 733 
39 304 862 592 
347 129 665 882 
652 633 332 620 
510 530 614 72 
862 496 246 354 
305 335 692 834 
550 126 423 8 
927 615 659 584 
579 833 478 353 
144 127 506 961 
552 186 21 259 
289 796 455 947 
818 151 660 641 
283 582 412 637 
500 929 391 802 
280 823 612 85 
387 895 395 104 
729 696 810 34 
617 554 949 594 
835 444 882 420 
606 672 252 10 
413 635 598 751 
610 425 754 296 
244 281 26 580 
13 420 951 958 
815 748 960 376 
456 411 134 449 
243 841 445 114 
777 899 69 582 
832 208 2 345 
803 741 785 331 
418 3 741 972 
475 855 600 506 
497 563 77 48 
68 876 638 986 

90235